1.520293400000000084e+01
1.524900000000000055e+01
1.529506499899999916e+01
1.534112999999999971e+01
1.538719599999999943e+01
1.543326099899999981e+01
1.547932699899999953e+01
1.552539200000000008e+01
1.557145700000000055e+01
1.561752299900000018e+01
1.566358799900000065e+01
1.570965299999999942e+01
1.575571899999999914e+01
1.580178399899999953e+01
1.584784900000000007e+01
1.589391499999999979e+01
1.593997999900000018e+01
1.598604599899999990e+01
1.603211100000000044e+01
1.607817599999999914e+01
1.612424199999999885e+01
1.617030699900000101e+01
1.621637199999999979e+01
1.626243799999999951e+01
1.630850299900000167e+01
1.635456899900000138e+01
1.640063400000000016e+01
1.644669899999999885e+01
1.649276499899999848e+01
1.653882999900000073e+01
1.658489499999999950e+01
1.663096099999999922e+01
1.667702599900000138e+01
1.672309100000000015e+01
1.676915699999999987e+01
1.681522199899999848e+01
1.686128799900000175e+01
1.690735300000000052e+01
1.695341799999999921e+01
1.699948399999999893e+01
1.704554899900000109e+01
1.709161399999999986e+01
1.713767999999999958e+01
1.718374499900000174e+01
1.722981000000000051e+01
1.727587600000000023e+01
1.732194099999999892e+01
1.736800699899999856e+01
1.741407199900000080e+01
1.746013699999999957e+01
1.750620299999999929e+01
1.755226799900000145e+01
1.759833300000000023e+01
1.764439899999999994e+01
1.769046399899999855e+01
1.773652999899999827e+01
1.778259499900000051e+01
1.782865999999999929e+01
1.787472599999999900e+01
1.792079099900000116e+01
1.796685599999999994e+01
1.801292199999999966e+01
1.805898699899999826e+01
1.810505199900000051e+01
1.815111800000000031e+01
1.819718299999999900e+01
1.824324899899999863e+01
1.828931399900000088e+01
1.833537899999999965e+01
1.838144499999999937e+01
1.842750999900000153e+01
1.847357500000000030e+01
1.851964100000000002e+01
1.856570599899999863e+01
1.861177099900000087e+01
1.865783699900000059e+01
1.870390199999999936e+01
1.874996799999999908e+01
1.879603299900000124e+01
1.884209800000000001e+01
1.888816399999999973e+01
